Pb (0 0 0 0 -> 0 0 0 0) = 0.01
Pb (0 0 0 0 -> 0 0 1 0) = 0.09
Pb (0 0 0 0 -> 1 0 0 0) = 0.09
Pb (0 0 0 0 -> 1 0 1 0) = 0.81
_________________________________________________

Pb (0 0 0 1 -> 0 0 0 1) = 0.1
Pb (0 0 0 1 -> 1 0 0 1) = 0.9
_________________________________________________

Pb (0 0 0 2 -> 0 0 0 1) = 0.005
Pb (0 0 0 2 -> 0 0 0 2) = 0.095
Pb (0 0 0 2 -> 1 0 0 1) = 0.045
Pb (0 0 0 2 -> 1 0 0 2) = 0.855
_________________________________________________

Pb (0 0 1 0 -> 0 0 1 0) = 1
_________________________________________________

Pb (0 0 1 1 -> 0 0 0 1) = 0.9
Pb (0 0 1 1 -> 0 0 1 1) = 0.1
_________________________________________________

Pb (0 0 1 2 -> 0 0 0 1) = 0.045
Pb (0 0 1 2 -> 0 0 0 2) = 0.855
Pb (0 0 1 2 -> 0 0 1 1) = 0.005
Pb (0 0 1 2 -> 0 0 1 2) = 0.095
_________________________________________________

Pb (0 0 2 0 -> 0 0 1 0) = 0.9
Pb (0 0 2 0 -> 0 0 2 0) = 0.1
_________________________________________________

Pb (0 0 2 1 -> 0 0 0 1) = 0.9
Pb (0 0 2 1 -> 0 0 2 1) = 0.1
_________________________________________________

Pb (0 0 2 2 -> 0 0 0 1) = 0.045
Pb (0 0 2 2 -> 0 0 0 2) = 0.855
Pb (0 0 2 2 -> 0 0 2 1) = 0.005
Pb (0 0 2 2 -> 0 0 2 2) = 0.095
_________________________________________________

Pb (0 1 0 0 -> 0 0 0 0) = 0.009
Pb (0 1 0 0 -> 0 0 1 0) = 0.081
Pb (0 1 0 0 -> 0 1 0 0) = 0.000999999999999999
Pb (0 1 0 0 -> 0 1 1 0) = 0.009
Pb (0 1 0 0 -> 1 0 0 0) = 0.081
Pb (0 1 0 0 -> 1 0 1 0) = 0.729
Pb (0 1 0 0 -> 1 1 0 0) = 0.009
Pb (0 1 0 0 -> 1 1 1 0) = 0.081
_________________________________________________

Pb (0 1 0 1 -> 0 0 0 1) = 0.009
Pb (0 1 0 1 -> 0 0 1 1) = 0.081
Pb (0 1 0 1 -> 0 1 0 1) = 0.000999999999999999
Pb (0 1 0 1 -> 0 1 1 1) = 0.009
Pb (0 1 0 1 -> 1 0 0 1) = 0.081
Pb (0 1 0 1 -> 1 0 1 1) = 0.729
Pb (0 1 0 1 -> 1 1 0 1) = 0.009
Pb (0 1 0 1 -> 1 1 1 1) = 0.081
_________________________________________________

Pb (0 1 0 2 -> 0 0 0 1) = 0.00045
Pb (0 1 0 2 -> 0 0 0 2) = 0.00855
Pb (0 1 0 2 -> 0 0 1 1) = 0.00405
Pb (0 1 0 2 -> 0 0 1 2) = 0.07695
Pb (0 1 0 2 -> 0 1 0 1) = 5e-05
Pb (0 1 0 2 -> 0 1 0 2) = 0.000949999999999999
Pb (0 1 0 2 -> 0 1 1 1) = 0.00045
Pb (0 1 0 2 -> 0 1 1 2) = 0.00855
Pb (0 1 0 2 -> 1 0 0 1) = 0.00405
Pb (0 1 0 2 -> 1 0 0 2) = 0.07695
Pb (0 1 0 2 -> 1 0 1 1) = 0.03645
Pb (0 1 0 2 -> 1 0 1 2) = 0.69255
Pb (0 1 0 2 -> 1 1 0 1) = 0.00045
Pb (0 1 0 2 -> 1 1 0 2) = 0.00855
Pb (0 1 0 2 -> 1 1 1 1) = 0.00405
Pb (0 1 0 2 -> 1 1 1 2) = 0.07695
_________________________________________________

Pb (0 1 1 0 -> 0 0 1 0) = 0.9
Pb (0 1 1 0 -> 0 1 1 0) = 0.1
_________________________________________________

Pb (0 1 1 1 -> 0 0 0 1) = 0.81
Pb (0 1 1 1 -> 0 0 1 1) = 0.09
Pb (0 1 1 1 -> 0 1 0 1) = 0.09
Pb (0 1 1 1 -> 0 1 1 1) = 0.01
_________________________________________________

Pb (0 1 1 2 -> 0 0 0 1) = 0.0405
Pb (0 1 1 2 -> 0 0 0 2) = 0.7695
Pb (0 1 1 2 -> 0 0 1 1) = 0.0045
Pb (0 1 1 2 -> 0 0 1 2) = 0.0855
Pb (0 1 1 2 -> 0 1 0 1) = 0.0045
Pb (0 1 1 2 -> 0 1 0 2) = 0.0855
Pb (0 1 1 2 -> 0 1 1 1) = 0.0005
Pb (0 1 1 2 -> 0 1 1 2) = 0.00949999999999999
_________________________________________________

Pb (0 1 2 0 -> 0 0 1 0) = 0.81
Pb (0 1 2 0 -> 0 0 2 0) = 0.09
Pb (0 1 2 0 -> 0 1 1 0) = 0.09
Pb (0 1 2 0 -> 0 1 2 0) = 0.01
_________________________________________________

Pb (0 1 2 1 -> 0 0 1 1) = 0.81
Pb (0 1 2 1 -> 0 0 2 1) = 0.09
Pb (0 1 2 1 -> 0 1 1 1) = 0.09
Pb (0 1 2 1 -> 0 1 2 1) = 0.01
_________________________________________________

Pb (0 1 2 2 -> 0 0 1 1) = 0.0405
Pb (0 1 2 2 -> 0 0 1 2) = 0.7695
Pb (0 1 2 2 -> 0 0 2 1) = 0.0045
Pb (0 1 2 2 -> 0 0 2 2) = 0.0855
Pb (0 1 2 2 -> 0 1 1 1) = 0.0045
Pb (0 1 2 2 -> 0 1 1 2) = 0.0855
Pb (0 1 2 2 -> 0 1 2 1) = 0.0005
Pb (0 1 2 2 -> 0 1 2 2) = 0.00949999999999999
_________________________________________________

Pb (0 2 0 0 -> 0 0 0 0) = 0.009
Pb (0 2 0 0 -> 0 0 1 0) = 0.081
Pb (0 2 0 0 -> 0 2 0 0) = 0.000999999999999999
Pb (0 2 0 0 -> 0 2 1 0) = 0.009
Pb (0 2 0 0 -> 1 0 0 0) = 0.081
Pb (0 2 0 0 -> 1 0 1 0) = 0.729
Pb (0 2 0 0 -> 1 2 0 0) = 0.009
Pb (0 2 0 0 -> 1 2 1 0) = 0.081
_________________________________________________

Pb (0 2 0 1 -> 0 0 0 1) = 0.009
Pb (0 2 0 1 -> 0 0 1 1) = 0.081
Pb (0 2 0 1 -> 0 2 0 1) = 0.000999999999999999
Pb (0 2 0 1 -> 0 2 1 1) = 0.009
Pb (0 2 0 1 -> 1 0 0 1) = 0.081
Pb (0 2 0 1 -> 1 0 1 1) = 0.729
Pb (0 2 0 1 -> 1 2 0 1) = 0.009
Pb (0 2 0 1 -> 1 2 1 1) = 0.081
_________________________________________________

Pb (0 2 0 2 -> 0 0 0 1) = 0.00045
Pb (0 2 0 2 -> 0 0 0 2) = 0.00855
Pb (0 2 0 2 -> 0 0 1 1) = 0.00405
Pb (0 2 0 2 -> 0 0 1 2) = 0.07695
Pb (0 2 0 2 -> 0 2 0 1) = 5e-05
Pb (0 2 0 2 -> 0 2 0 2) = 0.000949999999999999
Pb (0 2 0 2 -> 0 2 1 1) = 0.00045
Pb (0 2 0 2 -> 0 2 1 2) = 0.00855
Pb (0 2 0 2 -> 1 0 0 1) = 0.00405
Pb (0 2 0 2 -> 1 0 0 2) = 0.07695
Pb (0 2 0 2 -> 1 0 1 1) = 0.03645
Pb (0 2 0 2 -> 1 0 1 2) = 0.69255
Pb (0 2 0 2 -> 1 2 0 1) = 0.00045
Pb (0 2 0 2 -> 1 2 0 2) = 0.00855
Pb (0 2 0 2 -> 1 2 1 1) = 0.00405
Pb (0 2 0 2 -> 1 2 1 2) = 0.07695
_________________________________________________

Pb (0 2 1 0 -> 0 0 1 0) = 0.9
Pb (0 2 1 0 -> 0 2 1 0) = 0.1
_________________________________________________

Pb (0 2 1 1 -> 0 0 1 1) = 0.9
Pb (0 2 1 1 -> 0 2 1 1) = 0.1
_________________________________________________

Pb (0 2 1 2 -> 0 0 1 1) = 0.045
Pb (0 2 1 2 -> 0 0 1 2) = 0.855
Pb (0 2 1 2 -> 0 2 1 1) = 0.005
Pb (0 2 1 2 -> 0 2 1 2) = 0.095
_________________________________________________

Pb (0 2 2 0 -> 0 0 1 0) = 0.81
Pb (0 2 2 0 -> 0 0 2 0) = 0.09
Pb (0 2 2 0 -> 0 2 1 0) = 0.09
Pb (0 2 2 0 -> 0 2 2 0) = 0.01
_________________________________________________

Pb (0 2 2 1 -> 0 0 1 1) = 0.81
Pb (0 2 2 1 -> 0 0 2 1) = 0.09
Pb (0 2 2 1 -> 0 2 1 1) = 0.09
Pb (0 2 2 1 -> 0 2 2 1) = 0.01
_________________________________________________

Pb (0 2 2 2 -> 0 0 1 1) = 0.0405
Pb (0 2 2 2 -> 0 0 1 2) = 0.7695
Pb (0 2 2 2 -> 0 0 2 1) = 0.0045
Pb (0 2 2 2 -> 0 0 2 2) = 0.0855
Pb (0 2 2 2 -> 0 2 1 1) = 0.0045
Pb (0 2 2 2 -> 0 2 1 2) = 0.0855
Pb (0 2 2 2 -> 0 2 2 1) = 0.0005
Pb (0 2 2 2 -> 0 2 2 2) = 0.00949999999999999
_________________________________________________

Pb (1 0 0 0 -> 1 0 0 0) = 0.1
Pb (1 0 0 0 -> 2 0 0 0) = 0.9
_________________________________________________

Pb (1 0 0 1 -> 1 0 0 1) = 0.1
Pb (1 0 0 1 -> 2 0 0 1) = 0.9
_________________________________________________

Pb (1 0 0 2 -> 1 0 0 1) = 0.005
Pb (1 0 0 2 -> 1 0 0 2) = 0.095
Pb (1 0 0 2 -> 2 0 0 1) = 0.045
Pb (1 0 0 2 -> 2 0 0 2) = 0.855
_________________________________________________

Pb (1 0 1 0 -> 0 0 0 0) = 0.81
Pb (1 0 1 0 -> 0 0 1 0) = 0.09
Pb (1 0 1 0 -> 1 0 0 0) = 0.09
Pb (1 0 1 0 -> 1 0 1 0) = 0.01
_________________________________________________

Pb (1 0 1 1 -> 0 0 0 1) = 0.81
Pb (1 0 1 1 -> 0 0 1 1) = 0.09
Pb (1 0 1 1 -> 1 0 0 1) = 0.09
Pb (1 0 1 1 -> 1 0 1 1) = 0.01
_________________________________________________

Pb (1 0 1 2 -> 0 0 0 1) = 0.0405
Pb (1 0 1 2 -> 0 0 0 2) = 0.7695
Pb (1 0 1 2 -> 0 0 1 1) = 0.0045
Pb (1 0 1 2 -> 0 0 1 2) = 0.0855
Pb (1 0 1 2 -> 1 0 0 1) = 0.0045
Pb (1 0 1 2 -> 1 0 0 2) = 0.0855
Pb (1 0 1 2 -> 1 0 1 1) = 0.0005
Pb (1 0 1 2 -> 1 0 1 2) = 0.00949999999999999
_________________________________________________

Pb (1 0 2 0 -> 0 0 0 0) = 0.81
Pb (1 0 2 0 -> 0 0 2 0) = 0.09
Pb (1 0 2 0 -> 1 0 0 0) = 0.09
Pb (1 0 2 0 -> 1 0 2 0) = 0.01
_________________________________________________

Pb (1 0 2 1 -> 0 0 0 1) = 0.81
Pb (1 0 2 1 -> 0 0 2 1) = 0.09
Pb (1 0 2 1 -> 1 0 0 1) = 0.09
Pb (1 0 2 1 -> 1 0 2 1) = 0.01
_________________________________________________

Pb (1 0 2 2 -> 0 0 0 1) = 0.0405
Pb (1 0 2 2 -> 0 0 0 2) = 0.7695
Pb (1 0 2 2 -> 0 0 2 1) = 0.0045
Pb (1 0 2 2 -> 0 0 2 2) = 0.0855
Pb (1 0 2 2 -> 1 0 0 1) = 0.0045
Pb (1 0 2 2 -> 1 0 0 2) = 0.0855
Pb (1 0 2 2 -> 1 0 2 1) = 0.0005
Pb (1 0 2 2 -> 1 0 2 2) = 0.00949999999999999
_________________________________________________

Pb (1 1 0 0 -> 1 0 0 0) = 0.009
Pb (1 1 0 0 -> 1 0 1 0) = 0.081
Pb (1 1 0 0 -> 1 1 0 0) = 0.000999999999999999
Pb (1 1 0 0 -> 1 1 1 0) = 0.009
Pb (1 1 0 0 -> 2 0 0 0) = 0.081
Pb (1 1 0 0 -> 2 0 1 0) = 0.729
Pb (1 1 0 0 -> 2 1 0 0) = 0.009
Pb (1 1 0 0 -> 2 1 1 0) = 0.081
_________________________________________________

Pb (1 1 0 1 -> 1 0 0 1) = 0.009
Pb (1 1 0 1 -> 1 0 1 1) = 0.081
Pb (1 1 0 1 -> 1 1 0 1) = 0.000999999999999999
Pb (1 1 0 1 -> 1 1 1 1) = 0.009
Pb (1 1 0 1 -> 2 0 0 1) = 0.081
Pb (1 1 0 1 -> 2 0 1 1) = 0.729
Pb (1 1 0 1 -> 2 1 0 1) = 0.009
Pb (1 1 0 1 -> 2 1 1 1) = 0.081
_________________________________________________

Pb (1 1 0 2 -> 1 0 0 1) = 0.00045
Pb (1 1 0 2 -> 1 0 0 2) = 0.00855
Pb (1 1 0 2 -> 1 0 1 1) = 0.00405
Pb (1 1 0 2 -> 1 0 1 2) = 0.07695
Pb (1 1 0 2 -> 1 1 0 1) = 5e-05
Pb (1 1 0 2 -> 1 1 0 2) = 0.000949999999999999
Pb (1 1 0 2 -> 1 1 1 1) = 0.00045
Pb (1 1 0 2 -> 1 1 1 2) = 0.00855
Pb (1 1 0 2 -> 2 0 0 1) = 0.00405
Pb (1 1 0 2 -> 2 0 0 2) = 0.07695
Pb (1 1 0 2 -> 2 0 1 1) = 0.03645
Pb (1 1 0 2 -> 2 0 1 2) = 0.69255
Pb (1 1 0 2 -> 2 1 0 1) = 0.00045
Pb (1 1 0 2 -> 2 1 0 2) = 0.00855
Pb (1 1 0 2 -> 2 1 1 1) = 0.00405
Pb (1 1 0 2 -> 2 1 1 2) = 0.07695
_________________________________________________

Pb (1 1 1 0 -> 0 0 1 0) = 0.81
Pb (1 1 1 0 -> 0 1 1 0) = 0.09
Pb (1 1 1 0 -> 1 0 1 0) = 0.09
Pb (1 1 1 0 -> 1 1 1 0) = 0.01
_________________________________________________

Pb (1 1 1 1 -> 0 0 1 1) = 0.81
Pb (1 1 1 1 -> 0 1 1 1) = 0.09
Pb (1 1 1 1 -> 1 0 1 1) = 0.09
Pb (1 1 1 1 -> 1 1 1 1) = 0.01
_________________________________________________

Pb (1 1 1 2 -> 0 0 1 1) = 0.0405
Pb (1 1 1 2 -> 0 0 1 2) = 0.7695
Pb (1 1 1 2 -> 0 1 1 1) = 0.0045
Pb (1 1 1 2 -> 0 1 1 2) = 0.0855
Pb (1 1 1 2 -> 1 0 1 1) = 0.0045
Pb (1 1 1 2 -> 1 0 1 2) = 0.0855
Pb (1 1 1 2 -> 1 1 1 1) = 0.0005
Pb (1 1 1 2 -> 1 1 1 2) = 0.00949999999999999
_________________________________________________

Pb (1 1 2 0 -> 0 0 1 0) = 0.729
Pb (1 1 2 0 -> 0 0 2 0) = 0.081
Pb (1 1 2 0 -> 0 1 1 0) = 0.081
Pb (1 1 2 0 -> 0 1 2 0) = 0.009
Pb (1 1 2 0 -> 1 0 1 0) = 0.081
Pb (1 1 2 0 -> 1 0 2 0) = 0.009
Pb (1 1 2 0 -> 1 1 1 0) = 0.009
Pb (1 1 2 0 -> 1 1 2 0) = 0.000999999999999999
_________________________________________________

Pb (1 1 2 1 -> 0 0 1 1) = 0.729
Pb (1 1 2 1 -> 0 0 2 1) = 0.081
Pb (1 1 2 1 -> 0 1 1 1) = 0.081
Pb (1 1 2 1 -> 0 1 2 1) = 0.009
Pb (1 1 2 1 -> 1 0 1 1) = 0.081
Pb (1 1 2 1 -> 1 0 2 1) = 0.009
Pb (1 1 2 1 -> 1 1 1 1) = 0.009
Pb (1 1 2 1 -> 1 1 2 1) = 0.000999999999999999
_________________________________________________

Pb (1 1 2 2 -> 0 0 1 1) = 0.03645
Pb (1 1 2 2 -> 0 0 1 2) = 0.69255
Pb (1 1 2 2 -> 0 0 2 1) = 0.00405
Pb (1 1 2 2 -> 0 0 2 2) = 0.07695
Pb (1 1 2 2 -> 0 1 1 1) = 0.00405
Pb (1 1 2 2 -> 0 1 1 2) = 0.07695
Pb (1 1 2 2 -> 0 1 2 1) = 0.00045
Pb (1 1 2 2 -> 0 1 2 2) = 0.00855
Pb (1 1 2 2 -> 1 0 1 1) = 0.00405
Pb (1 1 2 2 -> 1 0 1 2) = 0.07695
Pb (1 1 2 2 -> 1 0 2 1) = 0.00045
Pb (1 1 2 2 -> 1 0 2 2) = 0.00855
Pb (1 1 2 2 -> 1 1 1 1) = 0.00045
Pb (1 1 2 2 -> 1 1 1 2) = 0.00855
Pb (1 1 2 2 -> 1 1 2 1) = 5e-05
Pb (1 1 2 2 -> 1 1 2 2) = 0.000949999999999999
_________________________________________________

Pb (1 2 0 0 -> 1 0 0 0) = 0.009
Pb (1 2 0 0 -> 1 0 1 0) = 0.081
Pb (1 2 0 0 -> 1 2 0 0) = 0.000999999999999999
Pb (1 2 0 0 -> 1 2 1 0) = 0.009
Pb (1 2 0 0 -> 2 0 0 0) = 0.081
Pb (1 2 0 0 -> 2 0 1 0) = 0.729
Pb (1 2 0 0 -> 2 2 0 0) = 0.009
Pb (1 2 0 0 -> 2 2 1 0) = 0.081
_________________________________________________

Pb (1 2 0 1 -> 1 0 0 1) = 0.009
Pb (1 2 0 1 -> 1 0 1 1) = 0.081
Pb (1 2 0 1 -> 1 2 0 1) = 0.000999999999999999
Pb (1 2 0 1 -> 1 2 1 1) = 0.009
Pb (1 2 0 1 -> 2 0 0 1) = 0.081
Pb (1 2 0 1 -> 2 0 1 1) = 0.729
Pb (1 2 0 1 -> 2 2 0 1) = 0.009
Pb (1 2 0 1 -> 2 2 1 1) = 0.081
_________________________________________________

Pb (1 2 0 2 -> 1 0 0 1) = 0.00045
Pb (1 2 0 2 -> 1 0 0 2) = 0.00855
Pb (1 2 0 2 -> 1 0 1 1) = 0.00405
Pb (1 2 0 2 -> 1 0 1 2) = 0.07695
Pb (1 2 0 2 -> 1 2 0 1) = 5e-05
Pb (1 2 0 2 -> 1 2 0 2) = 0.000949999999999999
Pb (1 2 0 2 -> 1 2 1 1) = 0.00045
Pb (1 2 0 2 -> 1 2 1 2) = 0.00855
Pb (1 2 0 2 -> 2 0 0 1) = 0.00405
Pb (1 2 0 2 -> 2 0 0 2) = 0.07695
Pb (1 2 0 2 -> 2 0 1 1) = 0.03645
Pb (1 2 0 2 -> 2 0 1 2) = 0.69255
Pb (1 2 0 2 -> 2 2 0 1) = 0.00045
Pb (1 2 0 2 -> 2 2 0 2) = 0.00855
Pb (1 2 0 2 -> 2 2 1 1) = 0.00405
Pb (1 2 0 2 -> 2 2 1 2) = 0.07695
_________________________________________________

Pb (1 2 1 0 -> 0 0 1 0) = 0.81
Pb (1 2 1 0 -> 0 2 1 0) = 0.09
Pb (1 2 1 0 -> 1 0 1 0) = 0.09
Pb (1 2 1 0 -> 1 2 1 0) = 0.01
_________________________________________________

Pb (1 2 1 1 -> 0 0 1 1) = 0.81
Pb (1 2 1 1 -> 0 2 1 1) = 0.09
Pb (1 2 1 1 -> 1 0 1 1) = 0.09
Pb (1 2 1 1 -> 1 2 1 1) = 0.01
_________________________________________________

Pb (1 2 1 2 -> 0 0 1 1) = 0.0405
Pb (1 2 1 2 -> 0 0 1 2) = 0.7695
Pb (1 2 1 2 -> 0 2 1 1) = 0.0045
Pb (1 2 1 2 -> 0 2 1 2) = 0.0855
Pb (1 2 1 2 -> 1 0 1 1) = 0.0045
Pb (1 2 1 2 -> 1 0 1 2) = 0.0855
Pb (1 2 1 2 -> 1 2 1 1) = 0.0005
Pb (1 2 1 2 -> 1 2 1 2) = 0.00949999999999999
_________________________________________________

Pb (1 2 2 0 -> 0 0 1 0) = 0.729
Pb (1 2 2 0 -> 0 0 2 0) = 0.081
Pb (1 2 2 0 -> 0 2 1 0) = 0.081
Pb (1 2 2 0 -> 0 2 2 0) = 0.009
Pb (1 2 2 0 -> 1 0 1 0) = 0.081
Pb (1 2 2 0 -> 1 0 2 0) = 0.009
Pb (1 2 2 0 -> 1 2 1 0) = 0.009
Pb (1 2 2 0 -> 1 2 2 0) = 0.000999999999999999
_________________________________________________

Pb (1 2 2 1 -> 0 0 1 1) = 0.729
Pb (1 2 2 1 -> 0 0 2 1) = 0.081
Pb (1 2 2 1 -> 0 2 1 1) = 0.081
Pb (1 2 2 1 -> 0 2 2 1) = 0.009
Pb (1 2 2 1 -> 1 0 1 1) = 0.081
Pb (1 2 2 1 -> 1 0 2 1) = 0.009
Pb (1 2 2 1 -> 1 2 1 1) = 0.009
Pb (1 2 2 1 -> 1 2 2 1) = 0.000999999999999999
_________________________________________________

Pb (1 2 2 2 -> 0 0 1 1) = 0.03645
Pb (1 2 2 2 -> 0 0 1 2) = 0.69255
Pb (1 2 2 2 -> 0 0 2 1) = 0.00405
Pb (1 2 2 2 -> 0 0 2 2) = 0.07695
Pb (1 2 2 2 -> 0 2 1 1) = 0.00405
Pb (1 2 2 2 -> 0 2 1 2) = 0.07695
Pb (1 2 2 2 -> 0 2 2 1) = 0.00045
Pb (1 2 2 2 -> 0 2 2 2) = 0.00855
Pb (1 2 2 2 -> 1 0 1 1) = 0.00405
Pb (1 2 2 2 -> 1 0 1 2) = 0.07695
Pb (1 2 2 2 -> 1 0 2 1) = 0.00045
Pb (1 2 2 2 -> 1 0 2 2) = 0.00855
Pb (1 2 2 2 -> 1 2 1 1) = 0.00045
Pb (1 2 2 2 -> 1 2 1 2) = 0.00855
Pb (1 2 2 2 -> 1 2 2 1) = 5e-05
Pb (1 2 2 2 -> 1 2 2 2) = 0.000949999999999999
_________________________________________________

Pb (2 0 0 0 -> 2 0 0 0) = 0.1
Pb (2 0 0 0 -> 2 1 0 0) = 0.9
_________________________________________________

Pb (2 0 0 1 -> 2 0 0 0) = 0.005
Pb (2 0 0 1 -> 2 0 0 1) = 0.095
Pb (2 0 0 1 -> 2 1 0 0) = 0.045
Pb (2 0 0 1 -> 2 1 0 1) = 0.855
_________________________________________________

Pb (2 0 0 2 -> 2 0 0 0) = 0.005
Pb (2 0 0 2 -> 2 0 0 2) = 0.095
Pb (2 0 0 2 -> 2 1 0 0) = 0.045
Pb (2 0 0 2 -> 2 1 0 2) = 0.855
_________________________________________________

Pb (2 0 1 0 -> 1 0 0 0) = 0.081
Pb (2 0 1 0 -> 1 0 1 0) = 0.009
Pb (2 0 1 0 -> 1 1 0 0) = 0.729
Pb (2 0 1 0 -> 1 1 1 0) = 0.081
Pb (2 0 1 0 -> 2 0 0 0) = 0.009
Pb (2 0 1 0 -> 2 0 1 0) = 0.000999999999999999
Pb (2 0 1 0 -> 2 1 0 0) = 0.081
Pb (2 0 1 0 -> 2 1 1 0) = 0.009
_________________________________________________

Pb (2 0 1 1 -> 1 0 0 0) = 0.00405
Pb (2 0 1 1 -> 1 0 0 1) = 0.07695
Pb (2 0 1 1 -> 1 0 1 0) = 0.00045
Pb (2 0 1 1 -> 1 0 1 1) = 0.00855
Pb (2 0 1 1 -> 1 1 0 0) = 0.03645
Pb (2 0 1 1 -> 1 1 0 1) = 0.69255
Pb (2 0 1 1 -> 1 1 1 0) = 0.00405
Pb (2 0 1 1 -> 1 1 1 1) = 0.07695
Pb (2 0 1 1 -> 2 0 0 0) = 0.00045
Pb (2 0 1 1 -> 2 0 0 1) = 0.00855
Pb (2 0 1 1 -> 2 0 1 0) = 5e-05
Pb (2 0 1 1 -> 2 0 1 1) = 0.000949999999999999
Pb (2 0 1 1 -> 2 1 0 0) = 0.00405
Pb (2 0 1 1 -> 2 1 0 1) = 0.07695
Pb (2 0 1 1 -> 2 1 1 0) = 0.00045
Pb (2 0 1 1 -> 2 1 1 1) = 0.00855
_________________________________________________

Pb (2 0 1 2 -> 1 0 0 0) = 0.00405
Pb (2 0 1 2 -> 1 0 0 2) = 0.07695
Pb (2 0 1 2 -> 1 0 1 0) = 0.00045
Pb (2 0 1 2 -> 1 0 1 2) = 0.00855
Pb (2 0 1 2 -> 1 1 0 0) = 0.03645
Pb (2 0 1 2 -> 1 1 0 2) = 0.69255
Pb (2 0 1 2 -> 1 1 1 0) = 0.00405
Pb (2 0 1 2 -> 1 1 1 2) = 0.07695
Pb (2 0 1 2 -> 2 0 0 0) = 0.00045
Pb (2 0 1 2 -> 2 0 0 2) = 0.00855
Pb (2 0 1 2 -> 2 0 1 0) = 5e-05
Pb (2 0 1 2 -> 2 0 1 2) = 0.000949999999999999
Pb (2 0 1 2 -> 2 1 0 0) = 0.00405
Pb (2 0 1 2 -> 2 1 0 2) = 0.07695
Pb (2 0 1 2 -> 2 1 1 0) = 0.00045
Pb (2 0 1 2 -> 2 1 1 2) = 0.00855
_________________________________________________

Pb (2 0 2 0 -> 1 0 0 0) = 0.081
Pb (2 0 2 0 -> 1 0 2 0) = 0.009
Pb (2 0 2 0 -> 1 1 0 0) = 0.729
Pb (2 0 2 0 -> 1 1 2 0) = 0.081
Pb (2 0 2 0 -> 2 0 0 0) = 0.009
Pb (2 0 2 0 -> 2 0 2 0) = 0.000999999999999999
Pb (2 0 2 0 -> 2 1 0 0) = 0.081
Pb (2 0 2 0 -> 2 1 2 0) = 0.009
_________________________________________________

Pb (2 0 2 1 -> 1 0 0 0) = 0.00405
Pb (2 0 2 1 -> 1 0 0 1) = 0.07695
Pb (2 0 2 1 -> 1 0 2 0) = 0.00045
Pb (2 0 2 1 -> 1 0 2 1) = 0.00855
Pb (2 0 2 1 -> 1 1 0 0) = 0.03645
Pb (2 0 2 1 -> 1 1 0 1) = 0.69255
Pb (2 0 2 1 -> 1 1 2 0) = 0.00405
Pb (2 0 2 1 -> 1 1 2 1) = 0.07695
Pb (2 0 2 1 -> 2 0 0 0) = 0.00045
Pb (2 0 2 1 -> 2 0 0 1) = 0.00855
Pb (2 0 2 1 -> 2 0 2 0) = 5e-05
Pb (2 0 2 1 -> 2 0 2 1) = 0.000949999999999999
Pb (2 0 2 1 -> 2 1 0 0) = 0.00405
Pb (2 0 2 1 -> 2 1 0 1) = 0.07695
Pb (2 0 2 1 -> 2 1 2 0) = 0.00045
Pb (2 0 2 1 -> 2 1 2 1) = 0.00855
_________________________________________________

Pb (2 0 2 2 -> 1 0 0 0) = 0.00405
Pb (2 0 2 2 -> 1 0 0 2) = 0.07695
Pb (2 0 2 2 -> 1 0 2 0) = 0.00045
Pb (2 0 2 2 -> 1 0 2 2) = 0.00855
Pb (2 0 2 2 -> 1 1 0 0) = 0.03645
Pb (2 0 2 2 -> 1 1 0 2) = 0.69255
Pb (2 0 2 2 -> 1 1 2 0) = 0.00405
Pb (2 0 2 2 -> 1 1 2 2) = 0.07695
Pb (2 0 2 2 -> 2 0 0 0) = 0.00045
Pb (2 0 2 2 -> 2 0 0 2) = 0.00855
Pb (2 0 2 2 -> 2 0 2 0) = 5e-05
Pb (2 0 2 2 -> 2 0 2 2) = 0.000949999999999999
Pb (2 0 2 2 -> 2 1 0 0) = 0.00405
Pb (2 0 2 2 -> 2 1 0 2) = 0.07695
Pb (2 0 2 2 -> 2 1 2 0) = 0.00045
Pb (2 0 2 2 -> 2 1 2 2) = 0.00855
_________________________________________________

Pb (2 1 0 0 -> 2 1 0 0) = 0.1
Pb (2 1 0 0 -> 2 1 1 0) = 0.9
_________________________________________________

Pb (2 1 0 1 -> 2 1 0 0) = 0.005
Pb (2 1 0 1 -> 2 1 0 1) = 0.095
Pb (2 1 0 1 -> 2 1 1 0) = 0.045
Pb (2 1 0 1 -> 2 1 1 1) = 0.855
_________________________________________________

Pb (2 1 0 2 -> 2 1 0 0) = 0.005
Pb (2 1 0 2 -> 2 1 0 2) = 0.095
Pb (2 1 0 2 -> 2 1 1 0) = 0.045
Pb (2 1 0 2 -> 2 1 1 2) = 0.855
_________________________________________________

Pb (2 1 1 0 -> 1 1 1 0) = 0.9
Pb (2 1 1 0 -> 2 1 1 0) = 0.1
_________________________________________________

Pb (2 1 1 1 -> 1 1 1 0) = 0.045
Pb (2 1 1 1 -> 1 1 1 1) = 0.855
Pb (2 1 1 1 -> 2 1 1 0) = 0.005
Pb (2 1 1 1 -> 2 1 1 1) = 0.095
_________________________________________________

Pb (2 1 1 2 -> 1 1 1 0) = 0.045
Pb (2 1 1 2 -> 1 1 1 2) = 0.855
Pb (2 1 1 2 -> 2 1 1 0) = 0.005
Pb (2 1 1 2 -> 2 1 1 2) = 0.095
_________________________________________________

Pb (2 1 2 0 -> 1 1 1 0) = 0.81
Pb (2 1 2 0 -> 1 1 2 0) = 0.09
Pb (2 1 2 0 -> 2 1 1 0) = 0.09
Pb (2 1 2 0 -> 2 1 2 0) = 0.01
_________________________________________________

Pb (2 1 2 1 -> 1 1 1 0) = 0.0405
Pb (2 1 2 1 -> 1 1 1 1) = 0.7695
Pb (2 1 2 1 -> 1 1 2 0) = 0.0045
Pb (2 1 2 1 -> 1 1 2 1) = 0.0855
Pb (2 1 2 1 -> 2 1 1 0) = 0.0045
Pb (2 1 2 1 -> 2 1 1 1) = 0.0855
Pb (2 1 2 1 -> 2 1 2 0) = 0.0005
Pb (2 1 2 1 -> 2 1 2 1) = 0.00949999999999999
_________________________________________________

Pb (2 1 2 2 -> 1 1 1 0) = 0.0405
Pb (2 1 2 2 -> 1 1 1 2) = 0.7695
Pb (2 1 2 2 -> 1 1 2 0) = 0.0045
Pb (2 1 2 2 -> 1 1 2 2) = 0.0855
Pb (2 1 2 2 -> 2 1 1 0) = 0.0045
Pb (2 1 2 2 -> 2 1 1 2) = 0.0855
Pb (2 1 2 2 -> 2 1 2 0) = 0.0005
Pb (2 1 2 2 -> 2 1 2 2) = 0.00949999999999999
_________________________________________________

Pb (2 2 0 0 -> 2 1 0 0) = 0.09
Pb (2 2 0 0 -> 2 1 1 0) = 0.81
Pb (2 2 0 0 -> 2 2 0 0) = 0.01
Pb (2 2 0 0 -> 2 2 1 0) = 0.09
_________________________________________________

Pb (2 2 0 1 -> 2 1 0 0) = 0.0045
Pb (2 2 0 1 -> 2 1 0 1) = 0.0855
Pb (2 2 0 1 -> 2 1 1 0) = 0.0405
Pb (2 2 0 1 -> 2 1 1 1) = 0.7695
Pb (2 2 0 1 -> 2 2 0 0) = 0.0005
Pb (2 2 0 1 -> 2 2 0 1) = 0.00949999999999999
Pb (2 2 0 1 -> 2 2 1 0) = 0.0045
Pb (2 2 0 1 -> 2 2 1 1) = 0.0855
_________________________________________________

Pb (2 2 0 2 -> 2 1 0 0) = 0.0045
Pb (2 2 0 2 -> 2 1 0 2) = 0.0855
Pb (2 2 0 2 -> 2 1 1 0) = 0.0405
Pb (2 2 0 2 -> 2 1 1 2) = 0.7695
Pb (2 2 0 2 -> 2 2 0 0) = 0.0005
Pb (2 2 0 2 -> 2 2 0 2) = 0.00949999999999999
Pb (2 2 0 2 -> 2 2 1 0) = 0.0045
Pb (2 2 0 2 -> 2 2 1 2) = 0.0855
_________________________________________________

Pb (2 2 1 0 -> 1 1 1 0) = 0.81
Pb (2 2 1 0 -> 1 2 1 0) = 0.09
Pb (2 2 1 0 -> 2 1 1 0) = 0.09
Pb (2 2 1 0 -> 2 2 1 0) = 0.01
_________________________________________________

Pb (2 2 1 1 -> 1 1 1 0) = 0.0405
Pb (2 2 1 1 -> 1 1 1 1) = 0.7695
Pb (2 2 1 1 -> 1 2 1 0) = 0.0045
Pb (2 2 1 1 -> 1 2 1 1) = 0.0855
Pb (2 2 1 1 -> 2 1 1 0) = 0.0045
Pb (2 2 1 1 -> 2 1 1 1) = 0.0855
Pb (2 2 1 1 -> 2 2 1 0) = 0.0005
Pb (2 2 1 1 -> 2 2 1 1) = 0.00949999999999999
_________________________________________________

Pb (2 2 1 2 -> 1 1 1 0) = 0.0405
Pb (2 2 1 2 -> 1 1 1 2) = 0.7695
Pb (2 2 1 2 -> 1 2 1 0) = 0.0045
Pb (2 2 1 2 -> 1 2 1 2) = 0.0855
Pb (2 2 1 2 -> 2 1 1 0) = 0.0045
Pb (2 2 1 2 -> 2 1 1 2) = 0.0855
Pb (2 2 1 2 -> 2 2 1 0) = 0.0005
Pb (2 2 1 2 -> 2 2 1 2) = 0.00949999999999999
_________________________________________________

Pb (2 2 2 0 -> 1 1 1 0) = 0.729
Pb (2 2 2 0 -> 1 1 2 0) = 0.081
Pb (2 2 2 0 -> 1 2 1 0) = 0.081
Pb (2 2 2 0 -> 1 2 2 0) = 0.009
Pb (2 2 2 0 -> 2 1 1 0) = 0.081
Pb (2 2 2 0 -> 2 1 2 0) = 0.009
Pb (2 2 2 0 -> 2 2 1 0) = 0.009
Pb (2 2 2 0 -> 2 2 2 0) = 0.000999999999999999
_________________________________________________

Pb (2 2 2 1 -> 1 1 1 0) = 0.03645
Pb (2 2 2 1 -> 1 1 1 1) = 0.69255
Pb (2 2 2 1 -> 1 1 2 0) = 0.00405
Pb (2 2 2 1 -> 1 1 2 1) = 0.07695
Pb (2 2 2 1 -> 1 2 1 0) = 0.00405
Pb (2 2 2 1 -> 1 2 1 1) = 0.07695
Pb (2 2 2 1 -> 1 2 2 0) = 0.00045
Pb (2 2 2 1 -> 1 2 2 1) = 0.00855
Pb (2 2 2 1 -> 2 1 1 0) = 0.00405
Pb (2 2 2 1 -> 2 1 1 1) = 0.07695
Pb (2 2 2 1 -> 2 1 2 0) = 0.00045
Pb (2 2 2 1 -> 2 1 2 1) = 0.00855
Pb (2 2 2 1 -> 2 2 1 0) = 0.00045
Pb (2 2 2 1 -> 2 2 1 1) = 0.00855
Pb (2 2 2 1 -> 2 2 2 0) = 5e-05
Pb (2 2 2 1 -> 2 2 2 1) = 0.000949999999999999
_________________________________________________

Pb (2 2 2 2 -> 1 1 1 0) = 0.03645
Pb (2 2 2 2 -> 1 1 1 2) = 0.69255
Pb (2 2 2 2 -> 1 1 2 0) = 0.00405
Pb (2 2 2 2 -> 1 1 2 2) = 0.07695
Pb (2 2 2 2 -> 1 2 1 0) = 0.00405
Pb (2 2 2 2 -> 1 2 1 2) = 0.07695
Pb (2 2 2 2 -> 1 2 2 0) = 0.00045
Pb (2 2 2 2 -> 1 2 2 2) = 0.00855
Pb (2 2 2 2 -> 2 1 1 0) = 0.00405
Pb (2 2 2 2 -> 2 1 1 2) = 0.07695
Pb (2 2 2 2 -> 2 1 2 0) = 0.00045
Pb (2 2 2 2 -> 2 1 2 2) = 0.00855
Pb (2 2 2 2 -> 2 2 1 0) = 0.00045
Pb (2 2 2 2 -> 2 2 1 2) = 0.00855
Pb (2 2 2 2 -> 2 2 2 0) = 5e-05
Pb (2 2 2 2 -> 2 2 2 2) = 0.000949999999999999
_________________________________________________

