000111100010000
000111100010000
111000011111110
111000011111110
}
000111101000000
000000011111110
100000001001101
111000011111110
}
000111100010000
000000011111110
100000001001101
111000011111110
}
000111101000000
011000011111110
100000001001101
111000011111110
}
000111100010000
011000011111110
100000001001101
111000011111110
}
000000011111110
000111101000000
111000011111110
100000001001101
}
011000011111110
000111101000000
111000011111110
100000001001101
}
000000011111110
000111100010000
111000011111110
100000001001101
}
011000011111110
000111100010000
111000011111110
100000001001101
}
000000001001101
000000001001101
100000001001101
100000001001101
}
